0	1.000000		1.000000	0
1	1.000000		1.000000	0
2	1.000000		1.000000	1
3	1.000000		1.000000	1
4	0.802375		0.798742	1
5	0.427542		0.471126	1
6	0.407259		0.449400	1
7	0.389512		0.430818	1
8	0.389512		0.430818	1
9	0.365359		0.389365	1
10	0.332800		0.378216	1
11	0.356952		0.389079	1
12	0.317054		0.341338	1
13	0.283560		0.326186	1
14	0.264211		0.299314	1
15	0.236990		0.287879	2
16	0.279824		0.318468	2
17	0.262610		0.298742	2
18	0.223112		0.275300	2
19	0.246864		0.286164	2
20	0.249266		0.276444	2
21	0.200294		0.229274	2
22	0.196958		0.239280	2
23	0.191353		0.246427	2
24	0.188684		0.226987	2
25	0.169736		0.219840	2
26	0.168802		0.216123	2
27	0.166667		0.206975	3
28	0.168268		0.201258	3
29	0.174807		0.222413	3
30	0.159995		0.203831	3
31	0.158660		0.194111	3
32	0.154524		0.186392	3
33	0.151588		0.190680	3
34	0.147985		0.198971	3
35	0.156926		0.194969	3
36	0.147318		0.182390	3
37	0.147318		0.182390	3
38	0.135041		0.185535	3
39	0.129437		0.180961	3
40	0.129037		0.179245	4
41	0.121164		0.174099	4
42	0.119162		0.175243	4
43	0.120363		0.171527	4
44	0.113691		0.156661	4
45	0.111022		0.164094	4
46	0.115025		0.161521	4
47	0.112623		0.152373	4
48	0.106752		0.148656	4
49	0.111556		0.152373	4
50	0.107553		0.152087	4
51	0.106485		0.159234	4
52	0.107553		0.161521	4
53	0.107419		0.154660	5
54	0.099546		0.154660	5
55	0.099413		0.150658	5
56	0.096077		0.149228	5
57	0.092474		0.146083	5
58	0.093141		0.146655	5
59	0.091406		0.148370	5
60	0.089271		0.139508	5
61	0.092074		0.140652	5
62	0.093141		0.143511	5
63	0.095009		0.142939	5
64	0.090606		0.144654	5
65	0.088337		0.146369	6
66	0.086869		0.144368	6
67	0.086603		0.144368	6
68	0.083934		0.141795	6
69	0.080331		0.134648	6
70	0.080998		0.136650	6
71	0.079397		0.133791	6
72	0.083133		0.136364	6
73	0.079263		0.135220	6
74	0.078596		0.134077	6
75	0.080865		0.131790	6
76	0.076861		0.128359	6
77	0.075661		0.128073	7
78	0.076061		0.126930	7
79	0.077529		0.132075	7
80	0.073525		0.124643	7
81	0.073792		0.126358	7
82	0.073259		0.123499	7
83	0.072725		0.124643	7
84	0.072591		0.122927	7
85	0.071390		0.125500	7
86	0.066720		0.117210	7
87	0.068188		0.123499	7
88	0.068054		0.121498	7
89	0.068054		0.120640	8
90	0.068455		0.124643	8
91	0.066987		0.121784	8
92	0.067788		0.119497	8
93	0.066053		0.119211	8
94	0.065919		0.120640	8
95	0.067254		0.122642	8
96	0.066987		0.117782	8
97	0.066853		0.122070	8
98	0.065519		0.116352	8
99	0.064585		0.114065	8
100	0.063918		0.113208	8
